audio:
  audioEnabled: [133794495236097052, 1]
  eveampGain: [133794495236097052, 0.0]
  evevoiceGain: [133794495236097052, 0.9]
  forceEnglishVoice: [133794495236097052, 1]
  masterVolume: [133794495236097052, 0.9015384615384615]
  suppressTurret: [133794495236097052, 0]
  uiGain: [133794495236097052, 0.5]
  useCombatMusic: [133794495236097052, 1]
  useOldJukeboxOverride: [133794495394194432, 0]
  worldVolume: [133794495236097052, 0.7]
device:
  DeviceSettings: [133794494743273794, null]
  FixedWindow: [133794494743273794, 0]
  FixedWindowSettings: [133794494749310524, null]
  FullScreenResolution: [133794494743273794, null]
  FullScreenSettings:
  - 133794494749310524
  - {adapter: 0, height: 768, presentInterval: 1, width: 1366}
  UIScaleFullscreen: [133794495236097052, 0.9]
  UIScaleFullscreenSetAutomatically: [133794495236097052, false]
  UIScaleWindowed: [133794495236097052, 0.9]
  UIScaleWindowedSetAutomatically: [133794495236097052, true]
  WindowMode: [133794494749310524, 0]
  WindowedResolution: [133794494743273794, null]
  WindowedSettings:
  - 133794494749310524
  - {adapter: 0, height: 705, left: 0, presentInterval: 1, showState: 1, top: 0, width: 1366}
  antiAliasing: [133794495391843731, 0]
  aoQuality: [133794495391843731, 0]
  brightness: [133794494743273794, 1.1613924050632911]
  charClothSimulation: [133794495236097052, 1]
  charTextureQuality: [133794495269667075, 1]
  dofEnabled: [133794495270080367, false]
  fastCharacterCreation: [133794495269667075, 0]
  fsrMode: [133794495391843731, 0]
  lodQuality: [133794495391843731, 1]
  postProcessingQuality: [133794495391843731, 0]
  reflectionQuality: [133794495391843731, 0]
  shaderQuality: [133794495573035745, 1]
  shadowQuality: [133794495391843731, 0]
  textureQuality: [133794495391843731, 2]
  volumetricQuality: [133794495391843731, 0]
generic: {}
ui:
  __migrate_existing_font_size_settings_down_one_size__: [133794495217162044, true]
  clientFontSize: [133794495573035745, 1]
