audio:
  audioEnabled: [133795976661131079, 1]
  eveampGain: [133795976661131079, 0.0]
  evevoiceGain: [133795976661131079, 0.9]
  forceEnglishVoice: [133795976661131079, 1]
  masterVolume: [133795976661131079, 0.9015384615384615]
  suppressTurret: [133795976661131079, 0]
  uiGain: [133795976661131079, 0.5]
  useCombatMusic: [133795976661131079, 1]
  useOldJukeboxOverride: [133795978198037434, 0]
  worldVolume: [133795978171096197, 0.7]
device:
  DeviceSettings: [133795976295767560, null]
  FixedWindow: [133795976295767560, 0]
  FixedWindowSettings: [133795976302099179, null]
  FullScreenResolution: [133795976295767560, null]
  FullScreenSettings:
  - 133795976302099179
  - {adapter: 0, height: 768, presentInterval: 1, width: 1366}
  UIScaleFullscreen: [133795978248718523, 0.9]
  UIScaleFullscreenSetAutomatically: [133795978248718523, false]
  UIScaleWindowed: [133795976661131079, 0.9]
  UIScaleWindowedSetAutomatically: [133795976661131079, true]
  WindowMode: [133795976302099179, 0]
  WindowedResolution: [133795976295767560, null]
  WindowedSettings:
  - 133795976302099179
  - {adapter: 0, height: 705, left: 0, presentInterval: 1, showState: 1, top: 0, width: 1366}
  antiAliasing: [133795978196703971, 0]
  aoQuality: [133795978196703971, 0]
  brightness: [133795976295767560, 1.1613924050632911]
  charClothSimulation: [133795976661131079, 1]
  charTextureQuality: [133795976868706366, 1]
  dofEnabled: [133795978171250787, false]
  fastCharacterCreation: [133795977127539874, 0]
  fsrMode: [133795978196703971, 0]
  lodQuality: [133795978196703971, 1]
  postProcessingQuality: [133795978196703971, 0]
  reflectionQuality: [133795978196703971, 0]
  shaderQuality: [133795978196703971, 1]
  shadowQuality: [133795978196703971, 0]
  textureQuality: [133795978196703971, 2]
  volumetricQuality: [133795978196703971, 0]
generic: {}
ui:
  __migrate_existing_font_size_settings_down_one_size__: [133795978248718523, true]
  clientFontSize: [133795978248718523, 1]
